Sequence,Motion.Timestamp,Roll,Pitch,Yaw,Quaternion.x,Quaternion.y,Quaternion.z,Quaternion.w,Rot11,Rot12,Rot13,Rot21,Rot22,Rot23,Rot31,Rot32,Rot33,Gravity.x,Gravity.y,Gravity.z,Accelerometer.Timestamp,Accelerometer.x,Accelerometer.y,Accelerometer.z,Gyroscope.Timestamp,Gyroscope.x,Gyroscope.y,Gyroscope.z,Magnetometer.Timestamp,Magnetometer.x,Magnetometer.y,Magnetometer.z,Latitude,Longitude
6882,85276.73544604167,89.07039653547028,0.34213006440968313,171.05823600498695,0.6990441364589428,-0.05679325433586285,-0.7108108660103116,-0.053478214098541,-0.016955073922872543,-0.003376193344593048,-0.9998507499694824,-0.15542778372764587,-0.9878295063972473,0.005971260368824005,-0.9877018928527832,0.15550577640533447,0.016223672777414322,0.9998507499694824,-0.0059712608344852924,-0.016223642975091934,85276.73544604167,85276.73544604167,0.985321044921875,-0.0467376708984375,-0.0208587646484375,85276.73419704167,85276.73419704167,0.02363954856991768,0.05910886079072952,-0.06760407984256744,85276.71939604168,85276.71939604168,-9.2406005859375,-257.7608337402344,-368.02496337890625,32.071448338871825,34.849775047433326
6883,85276.80042404168,89.0461974894024,0.17569551955386245,170.84489618329306,0.6988720275271068,-0.057050981675872754,-0.7107786711785701,-0.055829091968874714,-0.016922201961278915,-0.00037841498851776123,-0.9998568296432495,-0.15910692512989044,-0.9872568249702454,0.0030664578080177307,-0.9871164560317993,0.15913602709770203,0.016646120697259903,0.9998568892478943,-0.0030664606019854546,-0.01664614863693714,85276.79542604167,85276.79542604167,1.00457763671875,-0.0191192626953125,-0.010833740234375,85276.79417704167,85276.79417704167,0.07325956970453262,-0.021691979840397835,-0.03941238671541214,85276.79902804167,85276.79902804167,-9.50567626953125,-257.77508544921875,-368.20123291015625,32.071448338871825,34.849775047433326
6885,85276.93537804167,89.00689973101194,0.46719842520189486,170.95349574477115,0.6985339039172395,-0.0581779384559254,-0.7112063508866914,-0.05339681995818305,-0.018398329615592957,-0.005326204001903534,-0.9998165369033813,-0.15723085403442383,-0.9875282049179077,0.008154064416885376,-0.9873905181884766,0.157352015376091,0.017331436276435852,0.9998165369033813,-0.008154060691595078,-0.017331425100564957,85276.93537804167,85276.93537804167,1.007293701171875,-0.0389556884765625,-0.0147552490234375,85276.93412904168,85276.93412904168,-0.02155429497361183,-0.01215892843902111,0.04571076110005379,85276.91848804167,85276.91848804167,-9.062484741210938,-257.59661865234375,-368.0187683105469,32.071448338871825,34.849775047433326
6886,85277.00035775,88.99556484492382,0.5486101442205643,170.99757085900424,0.6984439039734087,-0.05840901501286932,-0.7113328177271546,-0.05263242403832662,-0.018811985850334167,-0.006712503731250763,-0.9998005032539368,-0.1564691960811615,-0.9876365065574646,0.009574905037879944,-0.987503707408905,0.15661808848381042,0.017529025673866272,0.9998005628585815,-0.009574906900525093,-0.017528999596834183,85276.99535875,85276.99535875,1.00299072265625,-0.0356292724609375,-0.0123748779296875,85276.99410975001,85276.99410975001,-0.03207697719335556,0.027941619977355003,0.028088891878724098,85276.99813075,85276.99813075,-9.08343505859375,-257.713623046875,-368.13421630859375,32.071448338871825,34.849775047433326
6888,85277.13531175001,89.13259793545619,0.80297001349272,171.16843252518416,0.6992495352265122,-0.05900515010269416,-0.7106853733754313,-0.04994939500328741,-0.017110668122768402,-0.01152203232049942,-0.9997873902320862,-0.15351524949073792,-0.9880472421646118,0.014014013111591339,-0.9879983067512512,0.1537223756313324,0.015136994421482086,0.9997873902320862,-0.014014012180268764,-0.01513695903122425,85277.13531175001,85277.13531175001,0.989593505859375,-0.025390625,-0.0219268798828125,85277.13406275,85277.13406275,-0.0737415999174118,0.015919310972094536,0.031800273805856705,85277.11759675,85277.11759675,-9.278671264648438,-257.835693359375,-367.98443603515625,32.071448338871825,34.849775047433326
6889,85277.20028975,89.18018321237534,1.077524423504169,171.4074579035865,0.699524613759667,-0.05926695782100927,-0.7106095157769771,-0.046764678967606325,-0.01695682853460312,-0.016454540193080902,-0.9997208118438721,-0.14938023686408997,-0.9886010885238647,0.018805235624313354,-0.988634467124939,0.14965741336345673,0.014305450022220612,0.9997208714485168,-0.018805241212248802,-0.014305484481155872,85277.19529175,85277.19529175,0.996978759765625,-0.0406951904296875,-0.0391693115234375,85277.19404275001,85277.19404275001,-0.07472377270460129,0.04490995034575462,0.10861143469810486,85277.19724075,85277.19724075,-9.266082763671875,-257.87969970703125,-368.63177490234375,32.07144915912555,34.84977418922459
6891,85277.33524475001,89.39231469268834,1.585145574823769,172.17350279037305,0.7009690069981057,-0.057805926318470015,-0.7097854660158464,-0.03880138202721881,-0.01427382044494152,-0.025959007441997528,-0.9995611310005188,-0.13612163066864014,-0.9903058409690857,0.027662482112646103,-0.9905893206596375,0.13645674288272858,0.01060188002884388,0.9995611310005188,-0.027662480250000954,-0.010601852089166641,85277.33524475001,85277.33524475001,1.017333984375,-0.0401611328125,-0.0069732666015625,85277.33399575,85277.33399575,-0.10423692315816879,0.040282975882291794,0.07102704048156738,85277.31669575,85277.31669575,-9.6563720703125,-258.4134521484375,-368.6298828125,32.07144915912555,34.84977418922459
6892,85277.40022275,89.49013591568861,1.9155434268153217,172.51881934752532,0.7015812507473594,-0.05776581493123794,-0.709401677490542,-0.03458759764704345,-0.01317521557211876,-0.031981829553842545,-0.9994017481803894,-0.13012783229351044,-0.990933895111084,0.03342631086707115,-0.9914098381996155,0.13049034774303436,0.008893761783838272,0.9994018077850342,-0.03342631086707115,-0.008893718011677265,85277.39522375,85277.39522375,1.015045166015625,-0.0014801025390625,0.000244140625,85277.39397475001,85277.39397475001,-0.09539869427680969,0.015424496494233608,0.12604235112667084,85277.39633475001,85277.39633475001,-9.661773681640625,-258.34088134765625,-368.57135009765625,32.07144915912585,34.84977418922428
6894,85277.53517675001,90.08848630698353,4.754448148099097,173.80929029714383,0.7044295235707038,-0.06744314426572952,-0.7065075343668082,-0.008810394268712047,-0.0074030132964253426,-0.08256866782903671,-0.9965579509735107,-0.10746710747480392,-0.9907477498054504,0.08288558572530746,-0.9941811561584473,0.10771078616380692,-0.0015390487387776375,0.9965579509735107,-0.08288557827472687,0.0015390628250315785,85277.53517675001,85277.53517675001,1.059600830078125,0.086883544921875,-0.0005035400390625,85277.53392775,85277.53392775,-0.36806535720825195,0.143457293510437,0.8215606808662415,85277.51577875,85277.51577875,-9.544082641601562,-258.464111328125,-368.244873046875,32.07144915912585,34.84977418922428
6895,85277.60015475,90.19619363829109,8.333527701632168,174.8029455313075,0.7033923973388335,-0.08326563912940955,-0.7056387035939663,0.019494311184418866,-0.009718326851725578,-0.1446487158536911,-0.9894353747367859,-0.08962495625019073,-0.9853737354278564,0.1449352204799652,-0.9959282279014587,0.09008661657571793,-0.0033880751579999924,0.9894353747367859,-0.1449352204799652,0.003388062585145235,85277.59515675,85277.59515675,1.040863037109375,0.03125,0.023468017578125,85277.59390775001,85277.59390775001,-0.15034157037734985,-0.012013519182801247,0.9986012578010559,85277.59540675,85277.59540675,-9.332138061523438,-259.11529541015625,-368.0089111328125,32.07144915912585,34.84977418922428
6897,85277.73510975,90.41151086346399,18.91664588476972,175.06674141770006,0.6943627230622959,-0.14579964868490328,-0.6993595218725421,0.08659704593956483,-0.020722605288028717,-0.3236006200313568,-0.9459667801856995,-0.08135074377059937,-0.9424867033958435,0.32419225573539734,-0.996470034122467,0.08367323130369186,-0.006794251501560211,0.9459667205810547,-0.32419225573539734,0.006794257555156946,85277.73510975,85277.73510975,1.0233154296875,-0.16839599609375,0.0416107177734375,85277.73386075,85277.73386075,-0.21765536069869995,0.23270301520824432,1.8569865226745605,85277.71486275,85277.71486275,-10.534469604492188,-260.9507141113281,-368.467041015625,32.07144915912585,34.84977418922428
6898,85277.80008775,90.34666552416891,26.480471599551446,175.4762900027208,0.6834796204311635,-0.18858269313260206,-0.6921016650976174,0.1352315160326766,-0.029136285185813904,-0.4449727535247803,-0.8950701355934143,-0.07059693336486816,-0.89229816198349,0.4458927512168884,-0.9970794320106506,0.07618081569671631,-0.005415603518486023,0.8950701355934143,-0.4458927512168884,0.00541564729064703,85277.79508975001,85277.79508975001,0.996826171875,-0.230072021484375,0.056488037109375,85277.79384075,85277.79384075,0.13543932139873505,-0.2002614587545395,2.108137607574463,85277.79450175,85277.79450175,-12.769866943359375,-262.8594055175781,-368.2894287109375,32.07144915912585,34.84977418922428
6900,85277.93504275,91.41810918853248,44.3655813394228,171.52702147308472,0.6415342503163541,-0.31189732717198043,-0.6648149204332939,0.2217543516845103,-0.07851769030094147,-0.6950368881225586,-0.7146739959716797,-0.10533443093299866,-0.7070901989936829,0.6992340087890625,-0.9913322925567627,0.13018199801445007,-0.017692282795906067,0.7146738767623901,-0.6992340087890625,0.01769227348268032,85277.93504275,85277.93504275,0.72637939453125,-0.6778106689453125,-0.0067596435546875,85277.93379375001,85277.93379375001,0.7168760895729065,-0.12711293995380402,2.5202081203460693,85277.91395975,85277.91395975,-16.858474731445312,-263.6539001464844,-367.2940673828125,32.07144915912585,34.84977418922428
6901,85278.000017,95.23396616666462,53.40539816982994,165.83745637615246,0.6175029269621345,-0.38194420119363415,-0.6385176695495602,0.25515458243702216,-0.1071723997592926,-0.7975447177886963,-0.5936634540557861,-0.1458618938922882,-0.5780293941497803,0.8028736114501953,-0.9834827184677124,0.17263886332511902,-0.05438247323036194,0.5936634540557861,-0.8028736710548401,0.05438247695565224,85277.995018,85277.995018,0.5284881591796875,-0.794158935546875,0.0640716552734375,85277.99376900001,85277.99376900001,0.9234745502471924,-0.06556542962789536,2.3421707153320312,85277.993587,85277.993587,-19.689559936523438,-263.098388671875,-366.3466491699219,32.07144915912585,34.84977418922428
6903,85278.134971,127.71415818976945,72.56789069859285,131.1095688971416,0.5508572041616058,-0.536828503301341,-0.5431775992115433,0.33664455533830884,-0.1664535403251648,-0.9571473002433777,-0.23698577284812927,-0.22571617364883423,-0.1969711184501648,0.9540725946426392,-0.9598673582077026,0.21230030059814453,-0.18325698375701904,0.23698580265045166,-0.9540725946426392,0.18325699865818024,85278.134971,85278.134971,0.0742340087890625,-0.943145751953125,0.1588592529296875,85278.133722,85278.133722,0.632107138633728,0.4513959586620331,3.5371487140655518,85278.113037,85278.113037,-23.80853271484375,-259.85125732421875,-363.505126953125,32.07144915912585,34.84977418922428
6904,85278.19995000001,173.92131665106615,77.6977303476685,85.10907216064537,0.5014577467960574,-0.5953784909436977,-0.4893435305737936,0.3932015327945599,-0.18786528706550598,-0.9819355607032776,-0.02256271243095398,-0.2122930884361267,0.01816609501838684,0.9770371317863464,-0.9589776992797852,0.18834131956100464,-0.21187084913253784,0.02256273850798607,-0.9770371317863464,0.21187083423137665,85278.19495100001,85278.19495100001,-0.196868896484375,-0.9617919921875,0.2690277099609375,85278.193702,85278.193702,-0.17641417682170868,0.9432410597801208,2.7858612537384033,85278.19265900001,85278.19265900001,-26.655899047851562,-257.26678466796875,-363.4365234375,32.07144915912585,34.84977418922428
6906,85278.334904,-120.79682465973283,68.0957763594581,22.00220088760103,0.40895949063182296,-0.6544110288754024,-0.39976096020102364,0.49466121067997765,-0.17612525820732117,-0.9307476878166199,0.32045143842697144,-0.13976269960403442,0.34588661789894104,0.9278087615966797,-0.9743955731391907,0.11862316727638245,-0.19100332260131836,-0.32045143842697144,-0.9278087615966797,0.19100332260131836,85278.334904,85278.334904,-0.4189605712890625,-0.8563079833984375,0.147308349609375,85278.33365500001,85278.33365500001,0.16083095967769623,-0.09656329452991486,2.5087063312530518,85278.312099,85278.312099,-28.953567504882812,-255.37826538085938,-364.580810546875,32.07144915912585,34.84977418922428
6907,85278.39988200001,-111.37716864001216,60.081418699526665,12.12214739507701,0.3561136903006671,-0.6812379841206134,-0.3596654593213253,0.5289034185941834,-0.18688887357711792,-0.8656529188156128,0.4644545912742615,-0.10473978519439697,0.4876475930213928,0.86673504114151,-0.9767817854881287,0.11333602666854858,-0.18180429935455322,-0.46445462107658386,-0.86673504114151,0.18180429935455322,85278.39488400001,85278.39488400001,-0.535125732421875,-0.80938720703125,0.1675567626953125,85278.393635,85278.393635,-0.44650158286094666,0.3821960985660553,2.214460849761963,85278.39172300001,85278.39172300001,-29.086196899414062,-253.7484130859375,-364.571533203125,32.07144915912585,34.84977418922428
6909,85278.534837,-103.93055889262153,46.74160678519747,2.3758699788266804,0.2593470654451371,-0.7177948089961252,-0.3006473060466109,0.5719448538772158,-0.21123641729354858,-0.7162233591079712,0.6651341319084167,-0.028408586978912354,0.684700608253479,0.7282705903053284,-0.977022111415863,0.13494175672531128,-0.16498060524463654,-0.665134072303772,-0.7282705903053284,0.16498057544231415,85278.534837,85278.534837,-0.727874755859375,-0.7328643798828125,0.1383056640625,85278.533588,85278.533588,-0.2543955445289612,0.06465169787406921,1.0681395530700684,85278.51116600001,85278.51116600001,-28.630386352539062,-252.23269653320312,-365.5215759277344,32.07142609959548,34.84977684533738
6910,85278.59981500001,-103.03684336022205,43.881141054826585,0.9302450530104339,0.23839203801352554,-0.7241996018707294,-0.28779693280497615,0.5795490797716705,-0.2145843207836151,-0.678871750831604,0.7022014260292053,-0.01170194149017334,0.720684289932251,0.6931646466255188,-0.9766353964805603,0.14052510261535645,-0.16259169578552246,-0.7022014260292053,-0.6931646466255188,0.16259165108203888,85278.594817,85278.594817,-0.835723876953125,-0.6761932373046875,0.109771728515625,85278.59356800001,85278.59356800001,0.13321584463119507,-0.17761127650737762,0.599158763885498,85278.59079100001,85278.59079100001,-28.160797119140625,-251.7040252685547,-365.7914123535156,32.071426099563915,34.849776845341026
6912,85278.73477000001,-103.74207893752924,44.12031686202769,1.856319043061681,0.2436746375435888,-0.7251823167507678,-0.2861315940426567,0.5769419746622045,-0.21552136540412903,-0.683579683303833,0.6973301768302917,-0.023254424333572388,0.717502772808075,0.6961673498153687,-0.9762222170829773,0.13382288813591003,-0.1705334484577179,-0.6973302364349365,-0.6961674094200134,0.1705334484577179,85278.73477000001,85278.73477000001,-0.7785186767578125,-0.6960906982421875,0.1936798095703125,85278.733521,85278.733521,-0.09376643598079681,0.2790856957435608,-0.26101720333099365,85278.71022000001,85278.71022000001,-27.434280395507812,-251.62672424316406,-366.05084228515625,32.071426099563915,34.849776845341026
6913,85278.799748,-103.84883577076427,45.505706111548,2.470132724792185,0.25410485408068745,-0.7206298900216546,-0.29212532143260833,0.5751400814817502,-0.20928926765918732,-0.7022570371627808,0.6804653406143188,-0.030205130577087402,0.7001870274543762,0.713320255279541,-0.9773871898651123,0.1287367045879364,-0.1677534282207489,-0.6804653406143188,-0.713320255279541,0.1677534282207489,85278.79475,85278.79475,-0.79443359375,-0.7083892822265625,0.213623046875,85278.79350100001,85278.79350100001,0.08427972346544266,-0.0593341626226902,-0.4834050238132477,85278.78985,85278.78985,-27.842315673828125,-251.729248046875,-366.01318359375,32.071426099563915,34.849776845341026
6915,85278.934703,-102.88726631933662,52.96947465789673,4.524748305292984,0.3053728817890126,-0.6884092518570109,-0.3264439685679274,0.5712044086967272,-0.16094596683979034,-0.7933754920959473,0.5870705842971802,-0.04751059412956238,0.6003634929656982,0.7983148097991943,-0.9858191013336182,0.10059341788291931,-0.13431984186172485,-0.5870705246925354,-0.7983147501945496,0.13431979715824127,85278.934703,85278.934703,-0.77606201171875,-0.7206878662109375,0.1079864501953125,85278.933454,85278.933454,-0.21373571455478668,0.6086665391921997,-1.4439853429794312,85278.9093,85278.9093,-28.843414306640625,-252.30865478515625,-365.6630859375,32.071426099563915,34.849776845341026
6916,85278.99968175,-101.89674549184227,59.675082485707364,5.803981123116858,0.3471644460577131,-0.6569013630422645,-0.3582169923051588,0.56536548750892,-0.1196776032447815,-0.8611526489257812,0.4940583109855652,-0.05105853080749512,0.5023148655891418,0.8631761074066162,-0.991499125957489,0.07807686924934387,-0.10408508777618408,-0.4940583109855652,-0.8631760478019714,0.10408511012792587,85278.99468275001,85278.99468275001,-0.739013671875,-0.7872467041015625,0.0928497314453125,85278.99343375,85278.99343375,-0.22761425375938416,0.6281808614730835,-2.112569570541382,85278.98892975,85278.98892975,-30.237991333007812,-253.40365600585938,-366.0956115722656,32.071426099563915,34.849776845341026
6918,85279.13463575,-126.27696233103947,78.84460025695175,30.73470663536408,0.4592967236021299,-0.5884590271242558,-0.4537599170809224,0.48668735548907366,-0.10436418652534485,-0.9822330474853516,0.15597021579742432,-0.09887614846229553,0.16629689931869507,0.9811060428619385,-0.9896119832992554,0.08697041869163513,-0.11447504162788391,-0.1559702455997467,-0.9811060428619385,0.11447501182556152,85279.13463575,85279.13463575,-0.34332275390625,-0.895751953125,0.1164093017578125,85279.13338675,85279.13338675,0.2101428508758545,-0.16579163074493408,-2.898420572280884,85279.10835975001,85279.10835975001,-30.928909301757812,-256.3665771484375,-365.29296875,32.071426099563915,34.849776845341026
6919,85279.19961475,164.7987310880036,82.45369982291463,98.81996513678547,0.5094035997440389,-0.5512481992060976,-0.5005759296286488,0.4313435371937078,-0.10890167951583862,-0.9934560060501099,-0.03443562984466553,-0.1297752857208252,-0.020136535167694092,0.9913389682769775,-0.9855450391769409,0.11242720484733582,-0.1267331838607788,0.034435663372278214,-0.9913390874862671,0.1267332136631012,85279.19461575,85279.19461575,-0.12066650390625,-0.8903045654296875,0.133514404296875,85279.19336675,85279.19336675,0.2388642430305481,-0.5814234614372253,-2.953242778778076,85279.18798075001,85279.18798075001,-29.5631103515625,-258.55218505859375,-364.614013671875,32.071426099563915,34.849776845341026
6921,85279.33456875001,106.20508955080733,66.02915494495421,158.61951816516054,0.5982644310429168,-0.4458363665103553,-0.5755307149829,0.33477442487293396,-0.06001129746437073,-0.91880202293396,-0.39012986421585083,-0.14811015129089355,-0.3783118724822998,0.9137523174285889,-0.9871483445167542,0.11261776089668274,-0.11338081955909729,0.3901298940181732,-0.9137523174285889,0.1133807897567749,85279.33456875001,85279.33456875001,0.346099853515625,-0.8361663818359375,0.1103363037109375,85279.33331975,85279.33331975,-0.22200830280780792,0.22036752104759216,-2.507582902908325,85279.30741575001,85279.30741575001,-26.55078125,-261.65313720703125,-364.7890625,32.071426099563915,34.849776845341026
6922,85279.39954675,100.1676781258244,57.52672775155776,166.03559673702026,0.6298295006894707,-0.3882070082421711,-0.6031864729880411,0.2979533071024838,-0.029077231884002686,-0.8484512567520142,-0.5284742116928101,-0.12956562638282776,-0.521038293838501,0.843641996383667,-0.9911444187164307,0.09300288558006287,-0.09477978944778442,0.5284741520881653,-0.843641996383667,0.09477975964546204,85279.39454875,85279.39454875,0.53643798828125,-0.7573394775390625,0.12042236328125,85279.39329975001,85279.39329975001,-0.1910242885351181,0.0621643029153347,-2.3329155445098877,85279.38703375001,85279.38703375001,-24.22845458984375,-262.99945068359375,-365.0819396972656,32.071426099563915,34.849776845341026
6924,85279.53450175001,95.23395791825739,38.998325649221506,170.5519529704997,0.6753946874212116,-0.281584037534253,-0.6535694287841822,0.193389323331414,-0.012885108590126038,-0.6331474184989929,-0.773923933506012,-0.12757402658462524,-0.766622006893158,0.62929767370224,-0.9917452931404114,0.10684114694595337,-0.07089515030384064,0.773923933506012,-0.62929767370224,0.07089510560035706,85279.53450175001,85279.53450175001,0.7666168212890625,-0.5409088134765625,0.080169677734375,85279.53325275,85279.53325275,-0.011471832171082497,-0.12471450120210648,-2.1650314331054688,85279.50646275001,85279.50646275001,-19.30352783203125,-263.78009033203125,-365.86053466796875,32.071426099563915,34.849776845341026
6925,85279.59947975,94.09844308558759,31.708679821877542,170.91131934842912,0.6871340079659126,-0.24134599988967365,-0.6692325388610184,0.14740017290612778,-0.01224016398191452,-0.528964102268219,-0.8485560417175293,-0.13438411056995392,-0.8400506973266602,0.5256005525588989,-0.9908537864685059,0.12046582996845245,-0.060802094638347626,0.8485559821128845,-0.5256005525588989,0.060802072286605835,85279.59448175,85279.59448175,0.8412017822265625,-0.4615631103515625,0.030029296875,85279.59323275,85279.59323275,0.03732473403215408,-0.10329123586416245,-1.7098231315612793,85279.58608475,85279.58608475,-16.296875,-262.99884033203125,-366.16107177734375,32.071426099563915,34.849776845341026
6927,85279.73443475,93.06680729234228,20.621596102409526,171.1687326820026,0.7024557662654356,-0.1777416455622799,-0.6848149015985562,0.07740999223694603,-0.0011271089315414429,-0.35573431849479675,-0.9345864057540894,-0.14368826150894165,-0.9248310923576355,0.3521944582462311,-0.9896223545074463,0.13468608260154724,-0.050072357058525085,0.9345864057540894,-0.3521944582462311,0.05007239058613777,85279.73443475,85279.73443475,0.9516143798828125,-0.3271026611328125,0.009918212890625,85279.73318575001,85279.73318575001,0.0768902525305748,-0.08888006955385208,-1.1044228076934814,85279.70551175,85279.70551175,-13.174301147460938,-261.8541564941406,-366.842041015625,32.071426099563915,34.849776845341026
6928,85279.79941275,93.1849157605113,16.792567136892497,171.30217274255054,0.7090194088789852,-0.15455164042858793,-0.6859045940256928,0.05422435697865412,0.011297333985567093,-0.2935456931591034,-0.9558784365653992,-0.14477476477622986,-0.9463473558425903,0.28890761733055115,-0.989400327205658,0.1351231336593628,-0.05318952724337578,0.9558784365653992,-0.28890761733055115,0.053189463913440704,85279.79441475001,85279.79441475001,0.9958343505859375,-0.274505615234375,0.0673370361328125,85279.79316575,85279.79316575,0.060805559158325195,0.10653576254844666,-1.0117141008377075,85279.78513275001,85279.78513275001,-11.29876708984375,-260.7680358886719,-366.9648132324219,32.071426099563915,34.849776845341026
6930,85279.93436775,92.749414329089,11.40867526237517,172.13600693870947,0.7138849015924428,-0.11780668774700706,-0.689840414025285,0.024702955789259434,0.020483532920479774,-0.20228302478790283,-0.979112982749939,-0.13411864638328552,-0.97102290391922,0.1978057622909546,-0.9907536506652832,0.12726551294326782,-0.04702010005712509,0.979112982749939,-0.1978057622909546,0.047020137310028076,85279.93436775,85279.93436775,1.0630950927734375,-0.1542205810546875,0.04962158203125,85279.93311875,85279.93311875,-0.06199252977967262,-0.1229243278503418,-0.43804845213890076,85279.90456675,85279.90456675,-10.318557739257812,-259.6367492675781,-366.771484375,32.071426099563915,34.849776845341026
6931,85279.999345375,92.20348972615724,9.799705254872084,172.17642664925495,0.7122259686813153,-0.10806480027143722,-0.6934353219989062,0.014273932505086462,0.01493890956044197,-0.17372921109199524,-0.9846802353858948,-0.13413700461387634,-0.9762367010116577,0.17020443081855774,-0.9908502697944641,0.1295393705368042,-0.03788761422038078,0.9846802949905396,-0.17020443081855774,0.03788766264915466,85279.994347375,85279.994347375,1.025390625,-0.1305389404296875,0.0138702392578125,85279.99309837501,85279.99309837501,0.06575664132833481,-0.13460016250610352,-0.39093074202537537,85279.984189375,85279.984189375,-10.225936889648438,-259.06170654296875,-367.4191589355469,32.071426099563915,34.849776845341026
6933,85280.134299375,91.88666846628615,7.160845422165795,171.57058007633452,0.7121184860525431,-0.09602176404586477,-0.695433732805908,-0.00624778818339487,0.014303512871265411,-0.12806789577007294,-0.9916622638702393,-0.14544759690761566,-0.9814816117286682,0.12465521693229675,-0.989262580871582,0.14245188236236572,-0.03266584128141403,0.9916622638702393,-0.12465521693229675,0.032665833830833435,85280.134299375,85280.134299375,1.0064697265625,-0.1060943603515625,0.049041748046875,85280.133050375,85280.133050375,-0.011825766414403915,-0.039380162954330444,-0.2297959178686142,85280.10363137501,85280.10363137501,-10.5111083984375,-258.6845703125,-368.04241943359375,32.071426099563915,34.849776845341026
6934,85280.199278375,91.77477367264567,7.089958371241452,171.99959372245777,0.7118510723236542,-0.09292463530488804,-0.6961433274351831,-0.0041793646279405985,0.013498956337571144,-0.12647812068462372,-0.9918774366378784,-0.13811586797237396,-0.9826949238777161,0.12342755496501923,-0.9903240203857422,0.13532789051532745,-0.030733829364180565,0.9918774962425232,-0.12342756241559982,0.030733874067664146,85280.194279375,85280.194279375,1.0272369384765625,-0.038330078125,0.0225677490234375,85280.19303037501,85280.19303037501,-0.09217653423547745,-0.06173953041434288,0.12941578030586243,85280.183278375,85280.183278375,-10.8397216796875,-259.3795166015625,-368.1974792480469,32.071426099563915,34.849776845341026
6936,85280.33423237501,90.60032282562118,8.1700169718357,172.75292879249454,0.7044114464183634,-0.09481589528698983,-0.7034032162082986,0.006191942523538988,-0.007532307878136635,-0.1422896683216095,-0.9897963404655457,-0.12486794590950012,-0.9819431900978088,0.14211095869541168,-0.992144763469696,0.12466426193714142,-0.010371098294854164,0.9897963404655457,-0.14211095869541168,0.010371079668402672,85280.33423237501,85280.33423237501,0.9852294921875,-0.1904296875,-4.57763671875e-05,85280.332983375,85280.332983375,-0.008982310071587563,-0.17160265147686005,0.07786790281534195,85280.302721375,85280.302721375,-10.861862182617188,-259.1176452636719,-369.0203857421875,32.071426099563915,34.849776845341026
6937,85280.399210375,89.5476108963358,8.036828627032449,172.6412917676092,0.6979376809180978,-0.09473103166786125,-0.7098553077480592,0.00381047358321264,-0.02573707140982151,-0.13764247298240662,-0.990147590637207,-0.12682294845581055,-0.9820231199264526,0.13980959355831146,-0.9915914535522461,0.1291717141866684,0.007818078622221947,0.990147590637207,-0.13980959355831146,-0.007818050682544708,85280.394212375,85280.394212375,1.003875732421875,-0.18572998046875,-0.02044677734375,85280.39296337501,85280.39296337501,-0.026508573442697525,-0.18636135756969452,-0.07710197567939758,85280.382359375,85280.382359375,-11.073928833007812,-259.52294921875,-368.82037353515625,32.071426099563915,34.849776845341026
6939,85280.53416537501,88.34624508267304,7.699408706597049,172.22720661967045,0.6903937197089857,-0.09516759402082053,-0.7171445731919831,-0.0018264134446655351,-0.04670632630586624,-0.1287866085767746,-0.9905717968940735,-0.13402582705020905,-0.9818795919418335,0.13397595286369324,-0.9898765683174133,0.13901972770690918,0.028599252924323082,0.9905718564987183,-0.13397595286369324,-0.02859928086400032,85280.53416537501,85280.53416537501,0.996307373046875,-0.173248291015625,-0.021270751953125,85280.532916375,85280.532916375,-0.02425447292625904,-0.14176645874977112,-0.0027571707032620907,85280.501812375,85280.501812375,-10.981689453125,-259.17974853515625,-369.42852783203125,32.071426099563915,34.849776845341026
6940,85280.599143375,87.49657971707762,7.6413163932063215,172.71597291448253,0.6855035840227359,-0.0918654437119645,-0.7222503456451361,0.00019797957863292078,-0.060169611126184464,-0.12623415887355804,-0.9901740550994873,-0.1256621927022934,-0.9831214547157288,0.1329711228609085,-0.9902467727661133,0.13242827355861664,0.0432911179959774,0.9901740550994873,-0.1329711228609085,-0.04329115152359009,85280.594145375,85280.594145375,0.9879150390625,-0.2054595947265625,-0.011474609375,85280.592896375,85280.592896375,-0.1934424340724945,-0.1644962728023529,-0.031135281547904015,85280.581447375,85280.581447375,-10.982650756835938,-258.9715881347656,-369.0296630859375,32.071426099563915,34.849776845341026
6942,85280.734098375,86.58830457235335,7.132037176809506,172.87961121675568,0.6802842957001831,-0.08768371869754496,-0.7276801180931955,-0.0025394335844150942,-0.07441359758377075,-0.11560392379760742,-0.9905040860176086,-0.12299551069736481,-0.9846101999282837,0.12415632605552673,-0.9896134734153748,0.1310664713382721,0.059049662202596664,0.9905040264129639,-0.12415632605552673,-0.059049684554338455,85280.734098375,85280.734098375,0.983306884765625,-0.1004180908203125,-0.0908050537109375,85280.73284937501,85280.73284937501,-0.009725597687065601,0.12829804420471191,-0.024354076012969017,85280.700893375,85280.700893375,-11.256790161132812,-258.52227783203125,-368.685302734375,32.071426099563915,34.849776845341026
6943,85280.799076375,86.82586288319233,7.034990315397587,172.5684858808793,0.6816264554627184,-0.08892918322018552,-0.7262594581967836,-0.0049116755798840365,-0.07072245329618454,-0.11409866809844971,-0.9909489154815674,-0.12836727499961853,-0.9841348528862,0.12247546762228012,-0.9892017841339111,0.135867178440094,0.05495399981737137,0.9909489154815674,-0.12247546762228012,-0.05495395138859749,85280.79407837501,85280.79407837501,0.982391357421875,-0.165283203125,-0.0333251953125,85280.792829375,85280.792829375,0.06837266683578491,0.08351460099220276,-0.07235702127218246,85280.78052337501,85280.78052337501,-11.176300048828125,-258.5439453125,-368.8345947265625,32.071426099563915,34.849776845341026
6945,85280.934031375,87.09034592440203,6.752691997589774,172.64670627803304,0.6835775593092559,-0.08670165202568451,-0.7246859206257394,-0.005909261538546642,-0.06537369638681412,-0.10996989160776138,-0.9917827248573303,-0.12709932029247284,-0.9848958849906921,0.11758406460285187,-0.9897333979606628,0.1337418109178543,0.05040910094976425,0.9917827248573303,-0.11758405715227127,-0.05040908604860306,85280.934031375,85280.934031375,0.9991302490234375,-0.1285858154296875,-0.0527801513671875,85280.932782375,85280.932782375,-0.06799422949552536,0.014427674934267998,-0.013219133019447327,85280.899974375,85280.899974375,-10.831527709960938,-258.66400146484375,-368.81915283203125,32.071426099563915,34.849776845341026
6946,85280.99900854166,87.0514982244713,6.72604007560572,172.9132635328258,0.6835514712699596,-0.08494243868018263,-0.724929532448866,-0.004412585383280939,-0.06547608971595764,-0.10972742736339569,-0.9918029308319092,-0.12252268195152283,-0.9855309128761292,0.1171220988035202,-0.990303635597229,0.12918701767921448,0.051084309816360474,0.9918029308319092,-0.1171221062541008,-0.05108433589339256,85280.99401054168,85280.99401054168,0.9965667724609375,-0.138031005859375,-0.0287017822265625,85280.99276154167,85280.99276154167,-0.16237452626228333,0.00851306039839983,0.01506789866834879,85280.97960354167,85280.97960354167,-10.887115478515625,-258.51318359375,-368.7752685546875,32.071426099563915,34.849776845341026
6948,85281.13396354167,86.51910803981275,6.956535994576236,173.4912930122128,0.6804306831361359,-0.08294418781801315,-0.728103258655245,0.0002443349195429203,-0.07402823865413666,-0.11323133856058121,-0.9908071160316467,-0.11251973360776901,-0.9862406253814697,0.12111637741327286,-0.9908881783485413,0.12045136839151382,0.06026865914463997,0.990807056427002,-0.12111636996269226,-0.060268692672252655,85281.13396354167,85281.13396354167,0.988739013671875,-0.141510009765625,-0.0539093017578125,85281.13271454167,85281.13271454167,-0.08123786747455597,-0.001996039180085063,-0.012468920089304447,85281.09906554167,85281.09906554167,-10.99896240234375,-258.47357177734375,-369.15283203125,32.071426099563915,34.849776845341026
6949,85281.19894154168,86.45886030606317,6.944230911916542,173.5214970609753,0.6800784864206985,-0.08268733151971153,-0.7284613412951322,0.00031918227718251543,-0.07498623430728912,-0.11293277144432068,-0.9907689690589905,-0.11200273036956787,-0.9863253831863403,0.12090318650007248,-0.9908745884895325,0.12003491073846817,0.06131206825375557,0.9907689690589905,-0.12090318650007248,-0.06131211668252945,85281.19394254168,85281.19394254168,0.9871978759765625,-0.1356658935546875,-0.0578765869140625,85281.19269354167,85281.19269354167,0.006558034103363752,0.02407683990895748,-0.014338725246489048,85281.17869654167,85281.17869654167,-11.262115478515625,-258.67950439453125,-369.323486328125,32.071426099563915,34.849776845341026
6951,85281.33389554167,86.34818028653291,7.599724380832863,174.48898303240796,0.6796004047261079,-0.081095341022851,-0.7290134874753486,0.01030931353142593,-0.07607431709766388,-0.12525610625743866,-0.9892036318778992,-0.09519359469413757,-0.9866348505020142,0.13225162029266357,-0.9925478100776672,0.10422676801681519,0.06313364207744598,0.9892036318778992,-0.13225162029266357,-0.06313367187976837,85281.33389554167,85281.33389554167,0.9632110595703125,-0.1246795654296875,-0.075897216796875,85281.33264654168,85281.33264654168,-0.49241846799850464,0.15761253237724304,0.39858680963516235,85281.33796254167,85281.33796254167,-10.7669677734375,-258.81231689453125,-369.2261047363281,32.071426099563915,34.849776845341026
6952,85281.39887354168,86.4078139820443,9.60124026672063,177.09614940020393,0.6804304973751705,-0.07826846701950471,-0.7275833263190061,0.038869823824008,-0.07100694626569748,-0.1630745828151703,-0.98405522108078,-0.049950435757637024,-0.9847263097763062,0.16679009795188904,-0.9962243437767029,0.060997240245342255,0.06177682429552078,0.98405522108078,-0.16679008305072784,-0.061776772141456604,85281.39387554167,85281.39387554167,1.004302978515625,-0.13494873046875,-0.054718017578125,85281.39262654167,85281.39262654167,-0.6264998316764832,0.10725987702608109,0.6828752160072327,85281.37777354167,85281.37777354167,-10.511505126953125,-259.50970458984375,-369.0552673339844,32.071426099563915,34.849776845341026
6954,85281.53382854167,85.32429139143164,16.35410871760259,-176.72955174711805,0.6734957473507593,-0.08540826474629408,-0.7248393263816547,0.11711912247888112,-0.0653732568025589,-0.284829318523407,-0.9563465118408203,0.054740890860557556,-0.9579771757125854,0.28157299757003784,-0.9963582754135132,-0.033943936228752136,0.07821778953075409,0.9563465118408203,-0.28157299757003784,-0.07821781188249588,85281.53382854167,85281.53382854167,0.9722900390625,-0.25848388671875,-0.0643157958984375,85281.53257954167,85281.53257954167,-0.7730048894882202,-0.07210055738687515,1.0608766078948975,85281.53704054168,85281.53704054168,-10.43701171875,-263.12786865234375,-370.6913757324219,32.071426099563915,34.849776845341026
6955,85281.59880654168,83.955143943812,19.55363983879152,-174.2532568334151,0.6646253846240191,-0.0930386114268841,-0.7259955207282844,0.15015825483753167,-0.07145138084888458,-0.34170007705688477,-0.9370890855789185,0.09435679763555527,-0.9375928640365601,0.334689199924469,-0.9929711818695068,-0.06450675427913666,0.09923379123210907,0.9370890855789185,-0.334689199924469,-0.09923382848501205,85281.59380854167,85281.59380854167,0.92340087890625,-0.3680877685546875,-0.11181640625,85281.59255954168,85281.59255954168,-0.3472074866294861,-0.0463496558368206,0.6641201972961426,85281.57685254168,85281.57685254168,-10.784912109375,-263.93670654296875,-371.23577880859375,32.071426099563915,34.849776845341026
6957,85281.73376154168,82.55921824703319,21.736921713507567,-171.3938817019939,0.6567059726386665,-0.09268613255377044,-0.7266049733618704,0.1794204854515944,-0.07309107482433319,-0.3824706971645355,-0.9210721254348755,0.1390005648136139,-0.9184350967407227,0.37034541368484497,-0.9875912666320801,-0.10096059739589691,0.12029309570789337,0.9210720658302307,-0.37034541368484497,-0.12029309570789337,85281.73376154168,85281.73376154168,0.9157867431640625,-0.436309814453125,-0.1351470947265625,85281.73251254167,85281.73251254167,-0.2565460205078125,-0.04212694615125656,0.048172321170568466,85281.73612954168,85281.73612954168,-11.649978637695312,-265.0504455566406,-373.09228515625,32.071426099563915,34.849776845341026
6958,85281.79873954167,81.90361168213498,21.563542771290315,-170.4161420966426,0.6534058091333165,-0.08700603797114986,-0.7290926339422753,0.18415962676156883,-0.07829229533672333,-0.38223937153816223,-0.9207407236099243,0.15483835339546204,-0.9170304536819458,0.3675328493118286,-0.984832763671875,-0.11379100382328033,0.13098163902759552,0.9207407236099243,-0.3675328493118286,-0.13098159432411194,85281.79374154167,85281.79374154167,0.9345855712890625,-0.39111328125,-0.1510162353515625,85281.79249254167,85281.79249254167,-0.19580411911010742,-0.04966183006763458,-0.0397612601518631,85281.77594654167,85281.77594654167,-11.5679931640625,-264.92987060546875,-373.240966796875,32.071426099563915,34.849776845341026
6960,85281.93369454167,81.84410103204523,21.22945757877403,-169.40273489025404,0.6539249290890427,-0.07913507671536713,-0.7283556739516734,0.18872724090780205,-0.07352864742279053,-0.37841787934303284,-0.9227099418640137,0.17142429947853088,-0.9162395596504211,0.3621038794517517,-0.9824497699737549,-0.13154993951320648,0.13223963975906372,0.9227100014686584,-0.3621038496494293,-0.13223965466022491,85281.93369454167,85281.93369454167,0.9180450439453125,-0.3685760498046875,-0.135498046875,85281.93244554168,85281.93244554168,-0.08163733780384064,0.08065969496965408,0.013942181132733822,85281.93522454167,85281.93522454167,-11.47216796875,-265.1644287109375,-373.65606689453125,32.071426099563915,34.849776845341026
6961,85281.99867591668,81.84424698019909,21.341326987373474,-168.99865582556163,0.6541527821087398,-0.07756139283183372,-0.7274888744845032,0.19190704638724035,-0.07051168382167816,-0.38069450855255127,-0.9220085740089417,0.1777464896440506,-0.9143118858337402,0.36392316222190857,-0.981546938419342,-0.13822296261787415,0.13213671743869781,0.9220085740089417,-0.36392316222190857,-0.132136732339859,85281.99367791667,85281.99367791667,0.9076995849609375,-0.37066650390625,-0.1396026611328125,85281.99242891667,85281.99242891667,-0.10230959206819534,0.08870723098516464,0.057564493268728256,85281.97504791667,85281.97504791667,-11.5399169921875,-265.1658630371094,-373.63153076171875,32.071426099563915,34.849776845341026
6963,85282.13362991667,81.91941328372201,22.0904910379366,-167.4489185081554,0.6553447194598815,-0.07348332880930224,-0.7230126772152742,0.20585481516126836,-0.0562942735850811,-0.3939850926399231,-0.917391300201416,0.20135746896266937,-0.9044480919837952,0.37607046961784363,-0.9778988361358643,-0.16355296969413757,0.13024698197841644,0.917391300201416,-0.376070499420166,-0.13024699687957764,85282.13362991667,85282.13362991667,0.9235687255859375,-0.37646484375,-0.1288604736328125,85282.13238091668,85282.13238091668,-0.19069804251194,0.08719988167285919,0.16737382113933563,85282.13433791666,85282.13433791666,-11.818923950195312,-265.6322021484375,-373.4272155761719,32.071426099563915,34.849776845341026
